67
12
27
70
9
76
3
67
53
48
77
43
31
56
13
98
89
31
32
39
12
37
94
2
55
26
80
76
49
52
44
69
64
71
39
25
47
42
92
0
90
22
95
73
78
60
71
19
92
4
11
4
93
5
58
0
83
39
77
85
91
21
54
7
92
93
32
92
88
76
44
78
50
40
4
80
0
75
0
92
79
63
49
73
68
7
25
3
98
2
88
89
75
42
48
20
88
32
64
76
9
8
6
59
0
10
40
53
86
92
97
17
55
46
90
75
54
68
78
52
70
67
94
98
61
94
18
49
27
82
25
88
42
32
99
43
94
39
96
80
83
93
98
38
92
40
13
98
8
92
2
31
11
96
29
72
43
99
22
70
33
99
10
75
83
9
18
78
1
66
10
84
12
8
23
4
1
88
2
61
80
4
92
43
53
73
16
48
72
90
70
5
89
80
33
73
89
51
3
90
70
13
75
82
74
50
38
27
38
40
88
71
96
33
66
1
6
82
49
31
72
19
88
14
99
21
39
41
25
42
83
95
7
58
29
33
60
67
60
51
59
1
74
7
34
40
9
92
75
10
75
47
30
16
13
81
37
52
22
14
46
58
61
6
68
90
39
29
9
52
32
20
53
6
28
39
98
89
83
73
99
59
73
81
75
86
15
64
91
89
31
89
47
92
47
16
35
39
45
96
91
77
17
96
35
97
87
33
86
70
7
85
81
32
19
8
18
34
25
61
23
56
3
71
0
50
87
35
89
84
32
80
13
1
28
48
98
15
33
84
38
92
21
19
24
92
80
95
26
5
56
50
13
59
73
13
62
12
1
51
96
85
84
9
86
12
9
84
80
42
20
18
87
93
89
11
86
69
58
12
26
67
14
91
26
39
57
88
51
58
92
47
43
76
8
29
40
17
65
20
12
37
38
99
30
80
62
16
1
21
81
28
88
47
71
66
87
28
7
38
86
51
38
81
27
46
62
67
64
27
40
28
64
78
27
47
10
41
63
12
62
96
92
2
44
63
21
83
92
28
73
78
79
11
60
58
10
22
77
26
2
17
54
18
48
81
65
58
22
81
70
37
29
62
91
25
26
12
8
70
92
82
0
23
45
12
33
7
35
11
33
89
80
87
59
28
20
77
87
95
58
9
84
39
24
75
65
50
40
73
20
84
7
20
8
5
85
93
12
20
4
46
61
37
85
20
65
6
97
4
1
7
14
85
47
38
12
64
40
52
89
12
37
49
84
97
54
69
42
18
41
47
16
54
36
2
75
1
8
24
6
61
84
72
98
83
62
10
47
2
15
88
14
4
37
50
1
43
20
43
62
13
42
78
68
78
80
43
32
40
19
38
53
55
62
51
38
24
62
37
26
77
26
92
81
63
42
34
59
14
29
21
28
24
51
96
54
32
91
86
24
62
76
78
18
38
29
8
14
43
46
40
72
24
84
53
39
79
39
98
45
69
19
73
45
71
21
99
55
64
86
31
27
62
61
45
53
91
5
67
86
51
60
59
27
44
64
67
75
4
17
21
25
89
46
70
12
20
69
19
84
7
50
63
70
12
60
75
55
66
42
41
69
54
52
97
51
17
16
26
73
33
99
98
22
98
20
34
18
89
53
54
97
56
18
19
20
78
94
75
44
88
68
14
43
21
63
94
90
79
72
63
64
72
13
39
70
33
73
40
22
79
94
71
87
12
42
7
43
36
34
87
77
54
53
20
27
68
66
17
47
38
32
12
10
45
3
32
78
28
24
53
7
19
24
46
83
67
5
78
55
39
18
32
94
71
4
21
40
70
91
39
61
23
3
23
69
6
56
99
35
32
52
94
51
29
93
87
48
98
65
55
38
35
40
84
59
44
57
51
67
48
90
28
24
46
51
45
4
59
44
39
92
49
86
95
30
79
34
78
77
52
33
67
87
25
51
46
70
9
97
89
57
40
17
33
86
20
78
90
80
23
82
24
72
68
19
2
99
6
32
76
58
17
44
45
43
47
44
65
56
93
54
66
33
23
99
71
43
78
14
23
53
96
99
77
16
71
79
67
77
63
43
35
32
39
32
75
87
76
92
95
22
46
61
55
69
13
79
13
43
93
88
96
41
40
73
9
11
4
76
88
19
71
23
51
11
7
79
50
36
71
45
58
18
59
65
39
24
44
4
67
89
45
63
82
85
88
91
96
44
19
84
63
91
59
14
54
18
93
4
54
65
1
64
35
12
30
74
36
26
31
3
16
76
18
98
61
6
42
57
50
61
93
65
52
4
80
58
22
